movie_ratings_set = [8.3, 3.7, 5.1, 2.4, 9.6, 1.9, 7.2, 4.8, 6.5, 3.7, 8.3, 5.1, 2.4, 9.6, 1.9, 7.2, 4.8, 6.5, 8.3, 3.7, 5.1, 2.4, 9.6, 1.9, 7.2, 4.8, 6.5, 8.3, 3.7, 5.1, 2.4, 9.6, 1.9, 7.2, 4.8, 6.5, 8.3, 3.7, 5.1, 2.4, 9.6, 1.9, 7.2, 4.8, 6.5, 8.3, 3.7, 5.1, 2.4, 9.6, 1.9, 7.2, 4.8, 6.5, 8.3, 3.7, 5.1, 2.4, 9.6, 1.9, 7.2, 4.8, 6.5, 8.3, 3.7, 5.1, 2.4, 9.6, 1.9, 7.2, 4.8, 6.5, 8.3, 3.7, 5.1, 2.4, 9.6, 1.9, 7.2, 4.8, 6.5, 8.3, 3.7, 5.1, 2.4, 9.6, 1.9, 7.2, 4.8, 6.5, 8.3, 3.7, 5.1, 2.4, 9.6, 1.9, 7.2, 4.8, 6.5]


ratings_set = set (movie_ratings_set)

P1 = len (ratings_set)
P2 = len (movie_ratings_set)

Difference = P2 - P1
Unique_elements = P2 - Difference

print (Unique_elements)